{"camera_angle_x": 1.0471975511965976, "frames": [{"file_path": "img/0000", "transform_matrix": [[-1.0, -0.0, -0.0, -0.0], [-0.0, 0.5000000000000001, -0.8660254037844386, -1.7320508075688772], [-0.0, -0.8660254037844385, -0.5000000000000001, -1.0000000000000002], [0.0, 0.0, 0.0, 1.0]]}, {"file_path": "img/0001", "transform_matrix": [[-1.0, -0.0, -0.0, -0.0], [0.0, 0.766044443118978, -0.6427876096865391, -1.285575219373078], [-0.0, -0.6427876096865391, -0.7660444431189779, -1.5320888862379558], [0.0, 0.0, 0.0, 1.0]]}, {"file_path": "img/0002", "transform_matrix": [[-1.0, -0.0, -0.0, -0.0], [0.0, 0.9396926207859083, -0.3420201433256687, -0.6840402866513374], [-0.0, -0.34202014332566866, -0.9396926207859084, -1.8793852415718169], [0.0, 0.0, 0.0, 1.0]]}, {"file_path": "img/0003", "transform_matrix": [[-1.0, -0.0, -0.0, -0.0], [0.0, 1.0, 0.0, 0.0], [-0.0, -0.0, -1.0, -2.0], [0.0, 0.0, 0.0, 1.0]]}, {"file_path": "img/0004", "transform_matrix": [[-1.0, -0.0, -0.0, -0.0], [0.0, 0.9396926207859083, 0.3420201433256687, 0.6840402866513374], [-0.0, 0.34202014332566866, -0.9396926207859084, -1.8793852415718169], [0.0, 0.0, 0.0, 1.0]]}, {"file_path": "img/0005", "transform_matrix": [[-1.0, -0.0, -0.0, -0.0], [0.0, 0.766044443118978, 0.6427876096865391, 1.285575219373078], [-0.0, 0.6427876096865391, -0.7660444431189779, -1.5320888862379558], [0.0, 0.0, 0.0, 1.0]]}, {"file_path": "img/0006", "transform_matrix": [[-0.9396926207859083, 0.29619813272602374, 0.17101007166283436, 0.3420201433256687], [3.2049378106392736e-17, 0.5000000000000001, -0.8660254037844386, -1.7320508075688772], [-0.34202014332566866, -0.8137976813493736, -0.46984631039295427, -0.9396926207859085], [0.0, 0.0, 0.0, 1.0]]}, {"file_path": "img/0007", "transform_matrix": [[-0.9396926207859083, 0.2198463103929541, 0.2620026302293849, 0.5240052604587697], [0.0, 0.766044443118978, -0.6427876096865391, -1.2855752193730785], [-0.34202014332566866, -0.6040227735550535, -0.7198463103929541, -1.4396926207859082], [0.0, 0.0, 0.0, 1.0]]}, {"file_path": "img/0008", "transform_matrix": [[-0.9396926207859083, 0.11697777844051095, 0.3213938048432697, 0.6427876096865394], [-1.476843331621336e-17, 0.9396926207859083, -0.3420201433256687, -0.6840402866513373], [-0.3420201433256687, -0.3213938048432696, -0.8830222215594891, -1.7660444431189781], [0.0, 0.0, 0.0, 1.0]]}, {"file_path": "img/0009", "transform_matrix": [[-0.9396926207859083, -0.0, 0.3420201433256687, 0.6840402866513374], [0.0, 1.0, 0.0, 0.0], [-0.34202014332566866, -0.0, -0.9396926207859084, -1.8793852415718169], [0.0, 0.0, 0.0, 1.0]]}, {"file_path": "img/0010", "transform_matrix": [[-0.9396926207859083, -0.11697777844051095, 0.3213938048432697, 0.6427876096865394], [1.476843331621336e-17, 0.9396926207859083, 0.3420201433256687, 0.6840402866513373], [-0.3420201433256687, 0.3213938048432696, -0.8830222215594891, -1.7660444431189781], [0.0, 0.0, 0.0, 1.0]]}, {"file_path": "img/0011", "transform_matrix": [[-0.9396926207859083, -0.2198463103929541, 0.2620026302293849, 0.5240052604587697], [0.0, 0.766044443118978, 0.6427876096865391, 1.2855752193730785], [-0.34202014332566866, 0.6040227735550535, -0.7198463103929541, -1.4396926207859082], [0.0, 0.0, 0.0, 1.0]]}, {"file_path": "img/0012", "transform_matrix": [[-0.7660444431189781, 0.5566703992264191, 0.3213938048432696, 0.6427876096865393], [-6.409875621278547e-17, 0.5, -0.8660254037844388, -1.7320508075688776], [-0.6427876096865391, -0.6634139481689383, -0.383022221559489, -0.7660444431189781], [0.0, 0.0, 0.0, 1.0]]}, {"file_path": "img/0013", "transform_matrix": [[-0.7660444431189781, 0.4131759111665347, 0.49240387650610395, 0.9848077530122078], [0.0, 0.766044443118978, -0.6427876096865391, -1.2855752193730783], [-0.6427876096865393, -0.49240387650610395, -0.5868240888334652, -1.1736481776669303], [0.0, 0.0, 0.0, 1.0]]}, {"file_path": "img/0014", "transform_matrix": [[-0.7660444431189781, 0.21984631039295413, 0.6040227735550535, 1.208045547110107], [0.0, 0.9396926207859083, -0.34202014332566866, -0.6840402866513373], [-0.6427876096865394, -0.2620026302293849, -0.7198463103929541, -1.4396926207859082], [0.0, 0.0, 0.0, 1.0]]}, {"file_path": "img/0015", "transform_matrix": [[-0.766044443118978, -0.0, 0.6427876096865391, 1.285575219373078], [0.0, 1.0, 0.0, 0.0], [-0.6427876096865391, -0.0, -0.7660444431189779, -1.5320888862379558], [0.0, 0.0, 0.0, 1.0]]}, {"file_path": "img/0016", "transform_matrix": [[-0.7660444431189781, -0.21984631039295413, 0.6040227735550535, 1.208045547110107], [0.0, 0.9396926207859083, 0.34202014332566866, 0.6840402866513373], [-0.6427876096865394, 0.2620026302293849, -0.7198463103929541, -1.4396926207859082], [0.0, 0.0, 0.0, 1.0]]}, {"file_path": "img/0017", "transform_matrix": [[-0.7660444431189781, -0.4131759111665347, 0.49240387650610395, 0.9848077530122078], [0.0, 0.766044443118978, 0.6427876096865391, 1.2855752193730783], [-0.6427876096865393, 0.49240387650610395, -0.5868240888334652, -1.1736481776669303], [0.0, 0.0, 0.0, 1.0]]}, {"file_path": "img/0018", "transform_matrix": [[-0.5, 0.7499999999999999, 0.4330127018922194, 0.8660254037844386], [-0.0, 0.5000000000000001, -0.8660254037844385, -1.732050807568877], [-0.8660254037844385, -0.43301270189221935, -0.25000000000000006, -0.5000000000000001], [0.0, 0.0, 0.0, 1.0]]}, {"file_path": "img/0019", "transform_matrix": [[-0.5, 0.5566703992264194, 0.6634139481689383, 1.3268278963378766], [0.0, 0.7660444431189782, -0.6427876096865394, -1.2855752193730787], [-0.8660254037844385, -0.3213938048432697, -0.38302222155948906, -0.7660444431189781], [0.0, 0.0, 0.0, 1.0]]}, {"file_path": "img/0020", "transform_matrix": [[-0.5000000000000001, 0.2961981327260238, 0.8137976813493736, 1.6275953626987472], [0.0, 0.9396926207859084, -0.34202014332566866, -0.6840402866513373], [-0.8660254037844387, -0.17101007166283438, -0.46984631039295427, -0.9396926207859085], [0.0, 0.0, 0.0, 1.0]]}, {"file_path": "img/0021", "transform_matrix": [[-0.5000000000000001, 0.0, 0.8660254037844386, 1.7320508075688772], [0.0, 1.0, 0.0, 0.0], [-0.8660254037844385, -0.0, -0.5000000000000001, -1.0000000000000002], [0.0, 0.0, 0.0, 1.0]]}, {"file_path": "img/0022", "transform_matrix": [[-0.5000000000000001, -0.2961981327260238, 0.8137976813493736, 1.6275953626987472], [0.0, 0.9396926207859084, 0.34202014332566866, 0.6840402866513373], [-0.8660254037844387, 0.17101007166283438, -0.46984631039295427, -0.9396926207859085], [0.0, 0.0, 0.0, 1.0]]}, {"file_path": "img/0023", "transform_matrix": [[-0.5, -0.5566703992264194, 0.6634139481689383, 1.3268278963378766], [0.0, 0.7660444431189782, 0.6427876096865394, 1.2855752193730787], [-0.8660254037844385, 0.3213938048432697, -0.38302222155948906, -0.7660444431189781], [0.0, 0.0, 0.0, 1.0]]}, {"file_path": "img/0024", "transform_matrix": [[-0.17364817766693044, 0.8528685319524432, 0.4924038765061041, 0.9848077530122081], [-1.183592851439823e-17, 0.5000000000000001, -0.8660254037844385, -1.732050807568877], [-0.9848077530122081, -0.15038373318043535, -0.08682408883346522, -0.17364817766693041], [0.0, 0.0, 0.0, 1.0]]}, {"file_path": "img/0025", "transform_matrix": [[-0.17364817766693044, 0.6330222215594888, 0.754406506735489, 1.508813013470978], [0.0, 0.7660444431189779, -0.6427876096865391, -1.2855752193730783], [-0.9848077530122081, -0.11161889704894969, -0.1330222215594891, -0.2660444431189782], [0.0, 0.0, 0.0, 1.0]]}, {"file_path": "img/0026", "transform_matrix": [[-0.17364817766693044, 0.3368240888334652, 0.9254165783983234, 1.8508331567966465], [6.4213674544228124e-18, 0.9396926207859084, -0.3420201433256687, -0.6840402866513375], [-0.9848077530122081, -0.05939117461388473, -0.1631759111665349, -0.3263518223330698], [0.0, 0.0, 0.0, 1.0]]}, {"file_path": "img/0027", "transform_matrix": [[-0.17364817766693041, 0.0, 0.984807753012208, 1.969615506024416], [0.0, 0.9999999999999998, 0.0, 0.0], [-0.9848077530122079, -0.0, -0.17364817766693041, -0.34729635533386083], [0.0, 0.0, 0.0, 1.0]]}, {"file_path": "img/0028", "transform_matrix": [[-0.17364817766693044, -0.3368240888334652, 0.9254165783983234, 1.8508331567966465], [-6.4213674544228124e-18, 0.9396926207859084, 0.3420201433256687, 0.6840402866513375], [-0.9848077530122081, 0.05939117461388473, -0.1631759111665349, -0.3263518223330698], [0.0, 0.0, 0.0, 1.0]]}, {"file_path": "img/0029", "transform_matrix": [[-0.17364817766693044, -0.6330222215594888, 0.754406506735489, 1.508813013470978], [0.0, 0.7660444431189779, 0.6427876096865391, 1.2855752193730783], [-0.9848077530122081, 0.11161889704894969, -0.1330222215594891, -0.2660444431189782], [0.0, 0.0, 0.0, 1.0]]}, {"file_path": "img/0030", "transform_matrix": [[0.1736481776669303, 0.8528685319524432, 0.4924038765061041, 0.9848077530122081], [-0.0, 0.5000000000000001, -0.8660254037844385, -1.732050807568877], [-0.9848077530122081, 0.15038373318043527, 0.08682408883346517, 0.17364817766693028], [0.0, 0.0, 0.0, 1.0]]}, {"file_path": "img/0031", "transform_matrix": [[0.17364817766693033, 0.6330222215594888, 0.754406506735489, 1.508813013470978], [-1.0469493421309663e-17, 0.7660444431189779, -0.6427876096865391, -1.2855752193730783], [-0.9848077530122081, 0.11161889704894962, 0.133022221559489, 0.266044443118978], [0.0, 0.0, 0.0, 1.0]]}, {"file_path": "img/0032", "transform_matrix": [[0.17364817766693033, 0.3368240888334652, 0.9254165783983234, 1.8508331567966467], [-6.4213674544228124e-18, 0.9396926207859084, -0.3420201433256687, -0.6840402866513374], [-0.9848077530122081, 0.0593911746138847, 0.1631759111665348, 0.3263518223330696], [0.0, 0.0, 0.0, 1.0]]}, {"file_path": "img/0033", "transform_matrix": [[0.1736481776669303, 0.0, 0.984807753012208, 1.969615506024416], [0.0, 0.9999999999999998, 0.0, 0.0], [-0.9848077530122079, -0.0, 0.1736481776669303, 0.3472963553338606], [0.0, 0.0, 0.0, 1.0]]}, {"file_path": "img/0034", "transform_matrix": [[0.17364817766693033, -0.3368240888334652, 0.9254165783983234, 1.8508331567966467], [6.4213674544228124e-18, 0.9396926207859084, 0.3420201433256687, 0.6840402866513374], [-0.9848077530122081, -0.0593911746138847, 0.1631759111665348, 0.3263518223330696], [0.0, 0.0, 0.0, 1.0]]}, {"file_path": "img/0035", "transform_matrix": [[0.17364817766693033, -0.6330222215594888, 0.754406506735489, 1.508813013470978], [1.0469493421309663e-17, 0.7660444431189779, 0.6427876096865391, 1.2855752193730783], [-0.9848077530122081, -0.11161889704894962, 0.133022221559489, 0.266044443118978], [0.0, 0.0, 0.0, 1.0]]}, {"file_path": "img/0036", "transform_matrix": [[0.49999999999999983, 0.7500000000000001, 0.43301270189221946, 0.8660254037844389], [2.0816681711721685e-17, 0.5000000000000001, -0.8660254037844385, -1.732050807568877], [-0.8660254037844388, 0.43301270189221913, 0.2499999999999999, 0.49999999999999967], [0.0, 0.0, 0.0, 1.0]]}, {"file_path": "img/0037", "transform_matrix": [[0.49999999999999983, 0.5566703992264193, 0.6634139481689385, 1.326827896337877], [-3.682687200573178e-17, 0.7660444431189779, -0.6427876096865393, -1.2855752193730783], [-0.8660254037844388, 0.32139380484326946, 0.38302222155948884, 0.7660444431189777], [0.0, 0.0, 0.0, 1.0]]}, {"file_path": "img/0038", "transform_matrix": [[0.4999999999999998, 0.29619813272602386, 0.8137976813493737, 1.627595362698748], [0.0, 0.9396926207859083, -0.34202014332566877, -0.6840402866513375], [-0.8660254037844387, 0.1710100716628343, 0.469846310392954, 0.9396926207859078], [0.0, 0.0, 0.0, 1.0]]}, {"file_path": "img/0039", "transform_matrix": [[0.4999999999999997, 0.0, 0.8660254037844387, 1.7320508075688774], [0.0, 0.9999999999999998, 0.0, 0.0], [-0.8660254037844387, -0.0, 0.4999999999999997, 0.9999999999999997], [0.0, 0.0, 0.0, 1.0]]}, {"file_path": "img/0040", "transform_matrix": [[0.4999999999999998, -0.29619813272602386, 0.8137976813493737, 1.627595362698748], [0.0, 0.9396926207859083, 0.34202014332566877, 0.6840402866513375], [-0.8660254037844387, -0.1710100716628343, 0.469846310392954, 0.9396926207859078], [0.0, 0.0, 0.0, 1.0]]}, {"file_path": "img/0041", "transform_matrix": [[0.49999999999999983, -0.5566703992264193, 0.6634139481689385, 1.326827896337877], [3.682687200573178e-17, 0.7660444431189779, 0.6427876096865393, 1.2855752193730783], [-0.8660254037844388, -0.32139380484326946, 0.38302222155948884, 0.7660444431189777], [0.0, 0.0, 0.0, 1.0]]}, {"file_path": "img/0042", "transform_matrix": [[0.766044443118978, 0.5566703992264195, 0.3213938048432698, 0.6427876096865396], [-6.409875621278547e-17, 0.5000000000000002, -0.8660254037844385, -1.732050807568877], [-0.6427876096865395, 0.6634139481689383, 0.38302222155948906, 0.7660444431189781], [0.0, 0.0, 0.0, 1.0]]}, {"file_path": "img/0043", "transform_matrix": [[0.766044443118978, 0.41317591116653485, 0.4924038765061041, 0.9848077530122082], [-1.449293229130209e-16, 0.766044443118978, -0.6427876096865391, -1.2855752193730783], [-0.6427876096865394, 0.49240387650610384, 0.586824088833465, 1.17364817766693], [0.0, 0.0, 0.0, 1.0]]}, {"file_path": "img/0044", "transform_matrix": [[0.766044443118978, 0.21984631039295421, 0.6040227735550538, 1.2080455471101077], [0.0, 0.9396926207859083, -0.3420201433256687, -0.6840402866513374], [-0.6427876096865395, 0.26200263022938486, 0.7198463103929541, 1.4396926207859082], [0.0, 0.0, 0.0, 1.0]]}, {"file_path": "img/0045", "transform_matrix": [[0.766044443118978, 0.0, 0.6427876096865395, 1.285575219373079], [0.0, 1.0, 0.0, 0.0], [-0.6427876096865395, 0.0, 0.7660444431189779, 1.5320888862379558], [0.0, 0.0, 0.0, 1.0]]}, {"file_path": "img/0046", "transform_matrix": [[0.766044443118978, -0.21984631039295421, 0.6040227735550538, 1.2080455471101077], [0.0, 0.9396926207859083, 0.3420201433256687, 0.6840402866513374], [-0.6427876096865395, -0.26200263022938486, 0.7198463103929541, 1.4396926207859082], [0.0, 0.0, 0.0, 1.0]]}, {"file_path": "img/0047", "transform_matrix": [[0.766044443118978, -0.41317591116653485, 0.4924038765061041, 0.9848077530122082], [1.449293229130209e-16, 0.766044443118978, 0.6427876096865391, 1.2855752193730783], [-0.6427876096865394, -0.49240387650610384, 0.586824088833465, 1.17364817766693], [0.0, 0.0, 0.0, 1.0]]}, {"file_path": "img/0048", "transform_matrix": [[0.9396926207859084, 0.29619813272602397, 0.1710100716628345, 0.342020143325669], [-3.2049378106392736e-17, 0.5000000000000001, -0.8660254037844386, -1.7320508075688772], [-0.34202014332566893, 0.8137976813493736, 0.46984631039295427, 0.9396926207859085], [0.0, 0.0, 0.0, 1.0]]}, {"file_path": "img/0049", "transform_matrix": [[0.9396926207859083, 0.2198463103929543, 0.2620026302293851, 0.5240052604587702], [0.0, 0.766044443118978, -0.6427876096865391, -1.2855752193730783], [-0.34202014332566893, 0.6040227735550535, 0.7198463103929541, 1.4396926207859082], [0.0, 0.0, 0.0, 1.0]]}, {"file_path": "img/0050", "transform_matrix": [[0.9396926207859082, 0.11697777844051101, 0.3213938048432698, 0.6427876096865397], [1.476843331621336e-17, 0.9396926207859083, -0.34202014332566877, -0.6840402866513375], [-0.3420201433256688, 0.3213938048432696, 0.8830222215594891, 1.7660444431189781], [0.0, 0.0, 0.0, 1.0]]}, {"file_path": "img/0051", "transform_matrix": [[0.9396926207859082, 0.0, 0.3420201433256689, 0.6840402866513376], [0.0, 0.9999999999999998, 0.0, 0.0], [-0.3420201433256689, 0.0, 0.9396926207859083, 1.8793852415718166], [0.0, 0.0, 0.0, 1.0]]}, {"file_path": "img/0052", "transform_matrix": [[0.9396926207859082, -0.11697777844051101, 0.3213938048432698, 0.6427876096865397], [-1.476843331621336e-17, 0.9396926207859083, 0.34202014332566877, 0.6840402866513375], [-0.3420201433256688, -0.3213938048432696, 0.8830222215594891, 1.7660444431189781], [0.0, 0.0, 0.0, 1.0]]}, {"file_path": "img/0053", "transform_matrix": [[0.9396926207859083, -0.2198463103929543, 0.2620026302293851, 0.5240052604587702], [0.0, 0.766044443118978, 0.6427876096865391, 1.2855752193730783], [-0.34202014332566893, -0.6040227735550535, 0.7198463103929541, 1.4396926207859082], [0.0, 0.0, 0.0, 1.0]]}, {"file_path": "img/0054", "transform_matrix": [[1.0, 1.0605752387249067e-16, 6.123233995736767e-17, 1.2246467991473535e-16], [-0.0, 0.5000000000000001, -0.8660254037844386, -1.7320508075688772], [-1.2246467991473532e-16, 0.8660254037844385, 0.5000000000000001, 1.0000000000000002], [0.0, 0.0, 0.0, 1.0]]}, {"file_path": "img/0055", "transform_matrix": [[1.0, 7.871877887341984e-17, 9.38133875270273e-17, 1.876267750540546e-16], [-1.6090387124137006e-32, 0.766044443118978, -0.6427876096865391, -1.285575219373078], [-1.224646799147353e-16, 0.6427876096865391, 0.7660444431189779, 1.5320888862379558], [0.0, 0.0, 0.0, 1.0]]}, {"file_path": "img/0056", "transform_matrix": [[1.0, 4.188538737676991e-17, 1.1507915602278503e-16, 2.3015831204557005e-16], [0.0, 0.9396926207859083, -0.3420201433256687, -0.6840402866513374], [-1.2246467991473532e-16, 0.34202014332566866, 0.9396926207859084, 1.8793852415718169], [0.0, 0.0, 0.0, 1.0]]}, {"file_path": "img/0057", "transform_matrix": [[1.0, 0.0, 1.2246467991473532e-16, 2.4492935982947064e-16], [0.0, 1.0, 0.0, 0.0], [-1.2246467991473532e-16, 0.0, 1.0, 2.0], [0.0, 0.0, 0.0, 1.0]]}, {"file_path": "img/0058", "transform_matrix": [[1.0, -4.188538737676991e-17, 1.1507915602278503e-16, 2.3015831204557005e-16], [0.0, 0.9396926207859083, 0.3420201433256687, 0.6840402866513374], [-1.2246467991473532e-16, -0.34202014332566866, 0.9396926207859084, 1.8793852415718169], [0.0, 0.0, 0.0, 1.0]]}, {"file_path": "img/0059", "transform_matrix": [[1.0, -7.871877887341984e-17, 9.38133875270273e-17, 1.876267750540546e-16], [1.6090387124137006e-32, 0.766044443118978, 0.6427876096865391, 1.285575219373078], [-1.224646799147353e-16, -0.6427876096865391, 0.7660444431189779, 1.5320888862379558], [0.0, 0.0, 0.0, 1.0]]}, {"file_path": "img/0060", "transform_matrix": [[0.9396926207859083, -0.2961981327260237, -0.17101007166283433, -0.34202014332566866], [-0.0, 0.5, -0.8660254037844388, -1.7320508075688776], [0.3420201433256686, 0.8137976813493736, 0.46984631039295427, 0.9396926207859085], [0.0, 0.0, 0.0, 1.0]]}, {"file_path": "img/0061", "transform_matrix": [[0.9396926207859083, -0.2198463103929541, -0.2620026302293849, -0.5240052604587697], [0.0, 0.766044443118978, -0.6427876096865391, -1.2855752193730785], [0.34202014332566866, 0.6040227735550535, 0.7198463103929541, 1.4396926207859082], [0.0, 0.0, 0.0, 1.0]]}, {"file_path": "img/0062", "transform_matrix": [[0.9396926207859083, -0.11697777844051094, -0.3213938048432696, -0.6427876096865393], [-1.476843331621336e-17, 0.9396926207859083, -0.3420201433256687, -0.6840402866513374], [0.34202014332566866, 0.3213938048432696, 0.8830222215594891, 1.7660444431189781], [0.0, 0.0, 0.0, 1.0]]}, {"file_path": "img/0063", "transform_matrix": [[0.9396926207859083, 0.0, -0.34202014332566866, -0.6840402866513373], [0.0, 1.0, 0.0, 0.0], [0.3420201433256686, 0.0, 0.9396926207859084, 1.8793852415718169], [0.0, 0.0, 0.0, 1.0]]}, {"file_path": "img/0064", "transform_matrix": [[0.9396926207859083, 0.11697777844051094, -0.3213938048432696, -0.6427876096865393], [1.476843331621336e-17, 0.9396926207859083, 0.3420201433256687, 0.6840402866513374], [0.34202014332566866, -0.3213938048432696, 0.8830222215594891, 1.7660444431189781], [0.0, 0.0, 0.0, 1.0]]}, {"file_path": "img/0065", "transform_matrix": [[0.9396926207859083, 0.2198463103929541, -0.2620026302293849, -0.5240052604587697], [0.0, 0.766044443118978, 0.6427876096865391, 1.2855752193730785], [0.34202014332566866, -0.6040227735550535, 0.7198463103929541, 1.4396926207859082], [0.0, 0.0, 0.0, 1.0]]}, {"file_path": "img/0066", "transform_matrix": [[0.7660444431189781, -0.5566703992264191, -0.3213938048432696, -0.6427876096865393], [-6.409875621278547e-17, 0.5, -0.8660254037844388, -1.7320508075688776], [0.6427876096865391, 0.6634139481689383, 0.383022221559489, 0.7660444431189781], [0.0, 0.0, 0.0, 1.0]]}, {"file_path": "img/0067", "transform_matrix": [[0.7660444431189781, -0.4131759111665347, -0.49240387650610395, -0.9848077530122078], [0.0, 0.766044443118978, -0.6427876096865391, -1.2855752193730783], [0.6427876096865393, 0.49240387650610395, 0.5868240888334652, 1.1736481776669303], [0.0, 0.0, 0.0, 1.0]]}, {"file_path": "img/0068", "transform_matrix": [[0.7660444431189781, -0.21984631039295413, -0.6040227735550535, -1.208045547110107], [0.0, 0.9396926207859083, -0.34202014332566866, -0.6840402866513373], [0.6427876096865394, 0.2620026302293849, 0.7198463103929541, 1.4396926207859082], [0.0, 0.0, 0.0, 1.0]]}, {"file_path": "img/0069", "transform_matrix": [[0.766044443118978, 0.0, -0.6427876096865391, -1.285575219373078], [0.0, 1.0, 0.0, 0.0], [0.6427876096865391, 0.0, 0.7660444431189779, 1.5320888862379558], [0.0, 0.0, 0.0, 1.0]]}, {"file_path": "img/0070", "transform_matrix": [[0.7660444431189781, 0.21984631039295413, -0.6040227735550535, -1.208045547110107], [0.0, 0.9396926207859083, 0.34202014332566866, 0.6840402866513373], [0.6427876096865394, -0.2620026302293849, 0.7198463103929541, 1.4396926207859082], [0.0, 0.0, 0.0, 1.0]]}, {"file_path": "img/0071", "transform_matrix": [[0.7660444431189781, 0.4131759111665347, -0.49240387650610395, -0.9848077530122078], [0.0, 0.766044443118978, 0.6427876096865391, 1.2855752193730783], [0.6427876096865393, -0.49240387650610395, 0.5868240888334652, 1.1736481776669303], [0.0, 0.0, 0.0, 1.0]]}, {"file_path": "img/0072", "transform_matrix": [[0.5000000000000006, -0.7499999999999998, -0.4330127018922193, -0.8660254037844385], [-0.0, 0.5000000000000001, -0.8660254037844385, -1.732050807568877], [0.8660254037844384, 0.4330127018922197, 0.2500000000000002, 0.5000000000000004], [0.0, 0.0, 0.0, 1.0]]}, {"file_path": "img/0073", "transform_matrix": [[0.5000000000000003, -0.556670399226419, -0.6634139481689382, -1.3268278963378763], [0.0, 0.7660444431189779, -0.6427876096865391, -1.2855752193730783], [0.8660254037844384, 0.32139380484326985, 0.38302222155948934, 0.7660444431189787], [0.0, 0.0, 0.0, 1.0]]}, {"file_path": "img/0074", "transform_matrix": [[0.5000000000000004, -0.29619813272602374, -0.8137976813493735, -1.627595362698747], [2.258742308051602e-17, 0.9396926207859084, -0.3420201433256687, -0.6840402866513374], [0.8660254037844384, 0.17101007166283452, 0.4698463103929546, 0.9396926207859092], [0.0, 0.0, 0.0, 1.0]]}, {"file_path": "img/0075", "transform_matrix": [[0.5000000000000004, -0.0, -0.8660254037844384, -1.7320508075688767], [0.0, 1.0, 0.0, 0.0], [0.8660254037844384, 0.0, 0.5000000000000004, 1.0000000000000009], [0.0, 0.0, 0.0, 1.0]]}, {"file_path": "img/0076", "transform_matrix": [[0.5000000000000004, 0.29619813272602374, -0.8137976813493735, -1.627595362698747], [-2.258742308051602e-17, 0.9396926207859084, 0.3420201433256687, 0.6840402866513374], [0.8660254037844384, -0.17101007166283452, 0.4698463103929546, 0.9396926207859092], [0.0, 0.0, 0.0, 1.0]]}, {"file_path": "img/0077", "transform_matrix": [[0.5000000000000003, 0.556670399226419, -0.6634139481689382, -1.3268278963378763], [0.0, 0.7660444431189779, 0.6427876096865391, 1.2855752193730783], [0.8660254037844384, -0.32139380484326985, 0.38302222155948934, 0.7660444431189787], [0.0, 0.0, 0.0, 1.0]]}, {"file_path": "img/0078", "transform_matrix": [[0.17364817766693033, -0.8528685319524432, -0.4924038765061041, -0.9848077530122081], [-1.183592851439823e-17, 0.5000000000000001, -0.8660254037844385, -1.732050807568877], [0.9848077530122081, 0.1503837331804353, 0.0868240888334652, 0.17364817766693033], [0.0, 0.0, 0.0, 1.0]]}, {"file_path": "img/0079", "transform_matrix": [[0.17364817766693036, -0.6330222215594888, -0.754406506735489, -1.508813013470978], [-1.0469493421309663e-17, 0.7660444431189779, -0.6427876096865391, -1.2855752193730783], [0.9848077530122081, 0.11161889704894966, 0.13302222155948906, 0.26604444311897807], [0.0, 0.0, 0.0, 1.0]]}, {"file_path": "img/0080", "transform_matrix": [[0.17364817766693036, -0.3368240888334652, -0.9254165783983234, -1.8508331567966467], [0.0, 0.9396926207859084, -0.3420201433256687, -0.6840402866513374], [0.9848077530122081, 0.0593911746138847, 0.16317591116653482, 0.32635182233306964], [0.0, 0.0, 0.0, 1.0]]}, {"file_path": "img/0081", "transform_matrix": [[0.17364817766693033, -0.0, -0.984807753012208, -1.969615506024416], [0.0, 0.9999999999999998, 0.0, 0.0], [0.9848077530122079, 0.0, 0.17364817766693033, 0.34729635533386066], [0.0, 0.0, 0.0, 1.0]]}, {"file_path": "img/0082", "transform_matrix": [[0.17364817766693036, 0.3368240888334652, -0.9254165783983234, -1.8508331567966467], [0.0, 0.9396926207859084, 0.3420201433256687, 0.6840402866513374], [0.9848077530122081, -0.0593911746138847, 0.16317591116653482, 0.32635182233306964], [0.0, 0.0, 0.0, 1.0]]}, {"file_path": "img/0083", "transform_matrix": [[0.17364817766693036, 0.6330222215594888, -0.754406506735489, -1.508813013470978], [1.0469493421309663e-17, 0.7660444431189779, 0.6427876096865391, 1.2855752193730783], [0.9848077530122081, -0.11161889704894966, 0.13302222155948906, 0.26604444311897807], [0.0, 0.0, 0.0, 1.0]]}, {"file_path": "img/0084", "transform_matrix": [[-0.17364817766692994, -0.852868531952443, -0.49240387650610423, -0.9848077530122085], [-0.0, 0.5000000000000001, -0.8660254037844387, -1.7320508075688774], [0.9848077530122081, -0.15038373318043494, -0.08682408883346501, -0.17364817766693], [0.0, 0.0, 0.0, 1.0]]}, {"file_path": "img/0085", "transform_matrix": [[-0.17364817766693, -0.633022221559489, -0.7544065067354891, -1.5088130134709785], [0.0, 0.7660444431189779, -0.6427876096865391, -1.2855752193730787], [0.9848077530122081, -0.11161889704894941, -0.13302222155948876, -0.2660444431189775], [0.0, 0.0, 0.0, 1.0]]}, {"file_path": "img/0086", "transform_matrix": [[-0.17364817766693, -0.33682408883346526, -0.9254165783983235, -1.850833156796647], [-6.4213674544228124e-18, 0.9396926207859084, -0.3420201433256687, -0.6840402866513375], [0.9848077530122081, -0.05939117461388458, -0.1631759111665345, -0.326351822333069], [0.0, 0.0, 0.0, 1.0]]}, {"file_path": "img/0087", "transform_matrix": [[-0.17364817766692997, -0.0, -0.9848077530122081, -1.9696155060244163], [0.0, 1.0, 0.0, 0.0], [0.9848077530122081, 0.0, -0.17364817766692997, -0.34729635533385994], [0.0, 0.0, 0.0, 1.0]]}, {"file_path": "img/0088", "transform_matrix": [[-0.17364817766693, 0.33682408883346526, -0.9254165783983235, -1.850833156796647], [6.4213674544228124e-18, 0.9396926207859084, 0.3420201433256687, 0.6840402866513375], [0.9848077530122081, 0.05939117461388458, -0.1631759111665345, -0.326351822333069], [0.0, 0.0, 0.0, 1.0]]}, {"file_path": "img/0089", "transform_matrix": [[-0.17364817766693, 0.633022221559489, -0.7544065067354891, -1.5088130134709785], [0.0, 0.7660444431189779, 0.6427876096865391, 1.2855752193730787], [0.9848077530122081, 0.11161889704894941, -0.13302222155948876, -0.2660444431189775], [0.0, 0.0, 0.0, 1.0]]}, {"file_path": "img/0090", "transform_matrix": [[-0.5, -0.7499999999999999, -0.4330127018922194, -0.8660254037844386], [-0.0, 0.5000000000000001, -0.8660254037844385, -1.732050807568877], [0.8660254037844385, -0.43301270189221935, -0.25000000000000006, -0.5000000000000001], [0.0, 0.0, 0.0, 1.0]]}, {"file_path": "img/0091", "transform_matrix": [[-0.5, -0.5566703992264194, -0.6634139481689383, -1.3268278963378766], [0.0, 0.7660444431189782, -0.6427876096865394, -1.2855752193730787], [0.8660254037844385, -0.3213938048432697, -0.38302222155948906, -0.7660444431189781], [0.0, 0.0, 0.0, 1.0]]}, {"file_path": "img/0092", "transform_matrix": [[-0.5000000000000001, -0.2961981327260238, -0.8137976813493736, -1.6275953626987472], [0.0, 0.9396926207859084, -0.34202014332566866, -0.6840402866513373], [0.8660254037844387, -0.17101007166283438, -0.46984631039295427, -0.9396926207859085], [0.0, 0.0, 0.0, 1.0]]}, {"file_path": "img/0093", "transform_matrix": [[-0.5000000000000001, -0.0, -0.8660254037844386, -1.7320508075688772], [0.0, 1.0, 0.0, 0.0], [0.8660254037844385, 0.0, -0.5000000000000001, -1.0000000000000002], [0.0, 0.0, 0.0, 1.0]]}, {"file_path": "img/0094", "transform_matrix": [[-0.5000000000000001, 0.2961981327260238, -0.8137976813493736, -1.6275953626987472], [0.0, 0.9396926207859084, 0.34202014332566866, 0.6840402866513373], [0.8660254037844387, 0.17101007166283438, -0.46984631039295427, -0.9396926207859085], [0.0, 0.0, 0.0, 1.0]]}, {"file_path": "img/0095", "transform_matrix": [[-0.5, 0.5566703992264194, -0.6634139481689383, -1.3268278963378766], [0.0, 0.7660444431189782, 0.6427876096865394, 1.2855752193730787], [0.8660254037844385, 0.3213938048432697, -0.38302222155948906, -0.7660444431189781], [0.0, 0.0, 0.0, 1.0]]}, {"file_path": "img/0096", "transform_matrix": [[-0.7660444431189778, -0.5566703992264196, -0.3213938048432699, -0.6427876096865397], [-1.2819751242557095e-16, 0.5000000000000001, -0.8660254037844386, -1.7320508075688772], [0.6427876096865397, -0.6634139481689382, -0.383022221559489, -0.766044443118978], [0.0, 0.0, 0.0, 1.0]]}, {"file_path": "img/0097", "transform_matrix": [[-0.7660444431189778, -0.41317591116653496, -0.4924038765061043, -0.9848077530122085], [0.0, 0.766044443118978, -0.6427876096865393, -1.2855752193730783], [0.6427876096865396, -0.49240387650610384, -0.586824088833465, -1.1736481776669299], [0.0, 0.0, 0.0, 1.0]]}, {"file_path": "img/0098", "transform_matrix": [[-0.7660444431189777, -0.21984631039295421, -0.604022773555054, -1.208045547110108], [0.0, 0.9396926207859083, -0.3420201433256687, -0.6840402866513373], [0.6427876096865395, -0.2620026302293848, -0.719846310392954, -1.439692620785908], [0.0, 0.0, 0.0, 1.0]]}, {"file_path": "img/0099", "transform_matrix": [[-0.7660444431189778, -0.0, -0.6427876096865397, -1.2855752193730794], [0.0, 1.0, 0.0, 0.0], [0.6427876096865397, -0.0, -0.7660444431189779, -1.5320888862379558], [0.0, 0.0, 0.0, 1.0]]}, {"file_path": "img/0100", "transform_matrix": [[-0.7660444431189777, 0.21984631039295421, -0.604022773555054, -1.208045547110108], [0.0, 0.9396926207859083, 0.3420201433256687, 0.6840402866513373], [0.6427876096865395, 0.2620026302293848, -0.719846310392954, -1.439692620785908], [0.0, 0.0, 0.0, 1.0]]}, {"file_path": "img/0101", "transform_matrix": [[-0.7660444431189778, 0.41317591116653496, -0.4924038765061043, -0.9848077530122085], [0.0, 0.766044443118978, 0.6427876096865393, 1.2855752193730783], [0.6427876096865396, 0.49240387650610384, -0.586824088833465, -1.1736481776669299], [0.0, 0.0, 0.0, 1.0]]}, {"file_path": "img/0102", "transform_matrix": [[-0.9396926207859084, -0.29619813272602363, -0.1710100716628343, -0.3420201433256686], [3.2049378106392736e-17, 0.5, -0.8660254037844388, -1.7320508075688776], [0.3420201433256685, -0.8137976813493736, -0.46984631039295427, -0.9396926207859085], [0.0, 0.0, 0.0, 1.0]]}, {"file_path": "img/0103", "transform_matrix": [[-0.9396926207859083, -0.21984631039295408, -0.26200263022938486, -0.5240052604587695], [0.0, 0.766044443118978, -0.6427876096865391, -1.2855752193730785], [0.3420201433256686, -0.6040227735550535, -0.7198463103929541, -1.439692620785908], [0.0, 0.0, 0.0, 1.0]]}, {"file_path": "img/0104", "transform_matrix": [[-0.9396926207859083, -0.11697777844051095, -0.32139380484326957, -0.6427876096865391], [2.9536866632426725e-17, 0.9396926207859084, -0.34202014332566877, -0.6840402866513374], [0.3420201433256686, -0.32139380484326974, -0.8830222215594891, -1.7660444431189781], [0.0, 0.0, 0.0, 1.0]]}, {"file_path": "img/0105", "transform_matrix": [[-0.9396926207859084, -0.0, -0.3420201433256686, -0.6840402866513372], [0.0, 1.0, 0.0, 0.0], [0.34202014332566855, -0.0, -0.9396926207859084, -1.8793852415718169], [0.0, 0.0, 0.0, 1.0]]}, {"file_path": "img/0106", "transform_matrix": [[-0.9396926207859083, 0.11697777844051095, -0.32139380484326957, -0.6427876096865391], [-2.9536866632426725e-17, 0.9396926207859084, 0.34202014332566877, 0.6840402866513374], [0.3420201433256686, 0.32139380484326974, -0.8830222215594891, -1.7660444431189781], [0.0, 0.0, 0.0, 1.0]]}, {"file_path": "img/0107", "transform_matrix": [[-0.9396926207859083, 0.21984631039295408, -0.26200263022938486, -0.5240052604587695], [0.0, 0.766044443118978, 0.6427876096865391, 1.2855752193730785], [0.3420201433256686, 0.6040227735550535, -0.7198463103929541, -1.439692620785908], [0.0, 0.0, 0.0, 1.0]]}]}